1234
44 121 126
132 162 67
140 86 189
74 43 61
102 172 47
138 182 15
110 94 57
198 76 80
129 150 196
194 155 189
143 173 183
173 196 71
176 198 20
13 160 173
169 92 63
83 28 25
175 129 105
22 104 76
150 12 53
20 198 45
103 85 22
164 124 196
198 45 12
57 12 14
94 126 45
105 36 89
76 18 17
124 180 197
43 73 32
65 171 183
12 198 160
33 138 68
31 166 166
23 26 12
141 29 155
73 32 70
54 133 193
110 153 163
139 36 72
179 77 72
116 63 55
191 144 62
171 37 55
85 30 59
59 129 112
83 144 38
94 173 37
75 44 194
122 128 192
139 100 25
50 193 178
44 50 98
13 125 54
156 67 159
153 46 198
199 53 68
76 155 134
96 13 20
91 36 15
24 98 88
165 90 154
82 155 94
196 15 144
60 88 15
13 31 35
95 161 80
84 160 17
154 153 131
73 72 155
83 28 169
143 84 100
58 171 156
50 186 130
83 79 43
41 106 26
95 178 77
149 131 108
187 38 39
68 74 15
141 137 51
51 66 147
10 43 146
54 177 84
146 101 58
27 183 41
100 181 102
159 106 113
48 191 47
189 44 37
151 56 151
12 134 145
108 139 10
13 149 11
135 119 192
78 58 130
195 196 188
33 107 111
84 118 155
13 151 158
120 81 11
164 189 80
38 77 14
156 155 81
61 107 133
45 84 11
153 50 154
197 182 74
65 78 119
41 189 111
146 189 173
65 12 179
56 170 11
67 199 83
46 36 135
172 73 45
13 186 127
42 26 193
144 169 45
147 108 151
16 162 82
108 120 137
81 105 111
169 115 88
22 119 136
48 146 82
195 54 148
28 153 148
69 138 183
135 69 136
106 79 198
49 195 14
39 182 24
115 176 149
171 57 40
93 164 162
165 147 113
117 83 146
135 11 182
104 197 175
149 150 100
147 157 55
84 73 128
181 135 58
103 189 102
89 181 135
94 57 110
56 70 135
64 193 30
88 189 130
74 59 186
41 42 51
116 80 18
84 142 50
136 172 24
90 72 43
199 94 107
78 81 184
131 187 28
109 102 199
146 179 128
108 133 190
151 89 62
47 32 179
109 145 93
56 12 146
171 13 152
121 17 190
67 138 125
142 167 133
194 21 174
169 27 69
26 185 141
148 172 167
181 198 36
125 22 103
115 79 80
29 115 18
37 183 195
91 171 36
186 104 116
57 172 142
182 166 131
72 55 94
103 144 163
55 30 27
60 136 63
20 123 149
162 160 53
122 181 104
35 177 131
64 35 165
98 45 34
116 157 147
172 78 191
47 151 81
167 130 41
17 185 59
175 81 173
197 38 22
141 153 153
131 83 191
56 56 176
154 72 107
179 16 89
199 111 148
197 110 58
83 180 114
106 27 22
93 22 113
145 78 72
21 136 93
175 103 169
172 66 39
198 142 81
168 132 17
10 11 158
21 95 69
115 157 173
17 43 96
101 83 31
32 159 171
81 135 152
188 93 94
33 67 43
10 77 40
125 166 149
146 147 140
135 30 39
76 180 72
176 38 147
171 130 17
155 34 155
186 190 175
92 137 84
196 41 103
14 139 127
89 50 189
197 105 42
17 15 111
51 42 193
80 158 164
189 54 50
117 147 197
108 158 191
150 67 82
161 176 87
124 170 49
80 91 94
168 144 145
191 192 118
163 66 191
26 135 174
29 126 199
183 116 187
194 49 134
195 18 22
33 94 175
136 101 19
34 97 117
96 85 175
198 49 91
184 62 144
68 41 71
100 33 56
175 70 95
15 44 79
181 193 181
93 25 11
60 120 75
43 68 87
71 163 93
15 82 19
126 36 104
129 150 189
111 64 170
15 63 166
94 183 104
55 95 115
45 145 61
36 62 140
159 39 30
127 156 136
58 17 84
40 54 196
146 146 144
19 36 188
26 129 14
22 23 175
198 79 199
150 172 146
188 41 71
43 160 144
192 120 31
88 134 149
149 115 60
113 109 57
140 55 176
143 38 90
115 24 125
18 158 123
187 171 87
97 19 128
52 108 119
194 104 180
50 35 55
16 182 75
55 176 168
29 116 180
150 27 47
114 169 53
96 24 98
176 181 188
113 72 51
40 177 80
55 29 45
17 105 61
127 54 91
68 116 191
15 44 49
38 121 100
97 31 80
155 139 169
57 145 18
73 163 23
80 31 83
78 42 70
41 198 105
195 30 66
50 126 139
145 176 188
164 92 38
142 83 137
174 110 180
21 93 70
151 114 134
172 139 100
104 170 26
87 106 148
181 108 122
179 61 143
128 34 128
78 151 19
183 185 87
43 166 152
167 171 42
81 76 127
77 136 164
121 89 29
168 65 87
28 140 100
82 171 80
99 148 123
20 81 48
197 185 159
108 14 158
21 77 155
138 22 182
145 151 54
132 134 98
16 24 155
137 198 159
120 134 55
106 24 42
157 107 64
67 175 135
49 46 106
89 138 78
116 76 126
36 118 168
23 195 118
146 69 164
164 120 149
185 40 172
189 195 120
95 23 36
107 177 165
114 98 77
161 132 19
73 89 21
10 40 91
39 94 36
112 178 149
166 109 40
87 32 163
65 179 29
150 103 37
174 45 69
195 51 67
149 25 191
62 37 90
21 76 107
173 144 170
82 99 146
27 88 80
176 168 63
155 74 12
47 186 187
167 97 105
182 163 86
160 154 59
143 194 141
33 116 38
187 29 29
107 27 133
79 183 85
87 122 56
86 103 107
70 191 134
176 35 170
61 112 176
154 33 27
90 140 50
191 144 132
198 122 131
27 54 133
82 83 18
102 108 177
186 21 66
166 178 112
134 39 56
12 10 10
65 137 88
29 23 194
74 126 140
168 56 125
154 143 59
97 136 154
82 163 93
50 193 44
81 152 81
81 76 93
15 156 148
112 103 28
150 186 188
181 45 138
177 34 24
172 144 27
119 54 164
61 120 135
117 39 67
123 22 168
169 165 195
38 126 77
119 120 51
58 140 85
16 171 182
193 155 139
148 125 132
159 176 52
74 54 49
106 175 71
95 87 14
109 45 87
108 190 195
52 152 177
172 18 118
146 111 27
178 53 174
94 49 65
66 146 124
179 67 148
153 22 174
185 175 53
176 20 109
57 118 89
30 94 71
89 141 83
196 188 190
19 146 115
101 107 172
91 49 27
61 174 91
109 141 25
138 176 112
124 184 125
32 94 96
152 76 82
32 37 141
18 112 114
91 85 199
126 91 33
151 197 84
64 75 118
35 160 188
80 160 60
62 192 97
47 129 78
42 171 112
170 72 172
55 55 92
183 128 110
183 13 122
98 161 161
37 131 149
114 163 173
151 181 154
31 35 20
130 18 147
109 154 71
153 104 134
90 116 45
145 127 163
95 132 52
128 196 34
90 51 140
163 12 26
130 127 131
153 38 144
20 183 20
185 122 131
83 186 199
72 152 29
121 189 14
150 142 157
179 22 181
24 181 83
95 121 151
152 141 40
116 10 115
20 69 141
52 94 180
95 164 72
42 94 22
184 142 11
164 152 39
197 39 84
30 175 11
71 137 192
12 119 85
12 30 196
64 79 15
131 52 198
10 88 84
195 163 46
137 87 64
181 116 27
82 11 189
123 24 180
30 24 113
93 154 136
45 127 181
41 119 178
169 21 53
86 125 26
156 41 169
62 132 24
167 114 62
68 18 112
57 164 43
98 148 38
92 127 130
188 18 100
164 28 193
29 94 169
45 197 85
177 198 30
74 68 194
166 177 184
169 13 137
162 75 150
53 106 87
131 162 163
157 30 134
36 122 163
90 73 90
125 38 145
82 65 195
80 62 36
13 149 74
111 145 54
33 170 159
47 33 54
82 127 194
125 195 66
94 51 21
22 25 33
114 51 133
60 83 175
126 173 11
58 133 180
65 54 96
48 145 99
194 21 177
78 22 93
100 72 52
79 149 124
48 39 178
32 136 77
145 59 139
43 13 123
160 169 51
191 90 70
110 125 98
185 73 133
37 51 154
28 134 17
19 51 23
74 89 90
110 141 49
74 123 145
57 172 143
140 80 136
75 104 164
142 120 18
82 100 158
195 117 125
145 55 34
133 12 85
124 68 37
86 53 121
180 119 99
163 114 11
102 77 191
173 158 96
122 161 65
41 16 158
32 176 69
184 36 68
181 11 172
196 115 186
30 128 48
83 31 31
184 30 118
125 30 133
165 106 186
178 102 80
21 124 48
170 69 12
70 76 46
64 33 168
25 12 180
118 175 16
39 183 44
98 150 58
196 18 49
168 77 36
161 22 164
130 77 152
197 194 71
38 30 10
104 183 104
192 169 74
91 23 33
68 171 111
108 132 116
81 140 68
23 68 104
33 115 106
154 13 27
66 146 164
196 72 23
155 188 111
52 24 135
111 104 178
150 175 35
114 169 186
67 35 64
189 108 16
125 41 23
191 103 192
121 70 59
177 123 76
187 156 76
10 142 83
190 119 114
152 151 29
158 160 193
57 86 56
155 38 199
71 11 184
76 95 114
149 52 46
43 34 196
96 93 145
178 100 13
188 122 34
77 124 46
174 119 51
171 80 33
90 61 194
171 180 147
23 63 35
64 11 38
198 134 46
87 137 148
74 155 37
32 159 41
181 125 40
33 131 188
47 50 58
106 59 53
126 131 35
49 27 179
46 66 49
38 199 35
196 164 111
28 87 23
173 22 179
140 83 97
54 120 38
28 150 145
72 21 174
30 176 156
61 11 126
64 56 157
130 152 82
25 23 66
152 28 116
131 142 96
29 28 41
68 197 31
85 48 140
174 112 188
99 120 130
150 119 39
90 29 192
48 20 144
24 172 153
199 169 126
169 88 55
174 143 197
192 123 179
145 151 65
155 155 141
178 88 156
40 53 74
37 95 190
177 191 97
39 166 44
136 191 107
12 139 111
143 155 10
13 174 55
115 68 115
93 157 108
41 174 25
55 13 149
89 52 81
125 111 160
150 68 50
48 24 62
31 133 74
131 109 199
85 199 41
171 31 91
105 108 106
156 119 133
155 112 83
160 121 15
78 93 117
50 79 102
135 84 61
101 63 160
167 28 161
168 81 61
45 86 191
82 30 42
75 171 38
60 57 169
75 43 23
15 67 188
40 68 155
56 48 196
58 170 161
127 54 23
48 130 116
107 74 108
142 80 130
18 153 167
74 138 58
58 70 97
167 81 145
145 152 197
31 64 107
142 48 111
183 70 48
96 133 124
199 176 159
34 157 84
190 175 167
66 20 116
112 138 27
127 47 186
80 42 186
69 20 21
24 165 96
49 69 140
158 52 48
159 64 12
189 43 35
176 154 161
135 17 99
31 188 104
48 64 94
83 131 69
99 53 148
92 93 81
152 197 136
47 153 157
191 73 150
163 36 70
42 81 150
87 105 144
190 12 158
101 134 22
147 21 34
120 101 192
59 181 91
107 185 103
41 49 126
81 170 144
52 175 145
17 89 136
181 51 84
86 34 64
176 51 83
52 21 186
150 17 15
67 181 95
12 73 144
195 166 176
100 97 178
82 137 143
61 187 33
42 105 153
56 78 69
173 13 199
147 198 71
65 147 104
130 142 51
101 128 44
127 176 45
15 39 150
44 33 151
11 15 67
97 170 70
29 189 81
26 76 98
87 175 65
87 53 36
47 164 31
178 37 14
175 187 181
13 46 45
74 176 196
70 109 84
77 135 173
102 83 35
153 29 35
184 14 55
19 98 135
24 147 74
138 162 86
149 80 92
150 128 68
22 153 103
132 123 39
37 118 104
30 17 56
74 190 160
90 15 20
141 71 155
82 106 140
187 42 131
178 25 190
157 94 191
192 116 47
173 60 38
157 142 118
163 168 131
159 196 174
13 99 127
46 29 111
23 90 28
192 170 44
188 90 91
135 152 27
176 102 74
26 149 65
99 74 165
59 180 49
60 184 147
136 85 26
171 163 56
45 177 135
109 156 53
182 101 77
134 187 172
66 29 193
79 39 171
110 179 65
66 57 43
23 17 128
79 179 116
112 90 14
178 143 180
97 29 97
114 132 161
96 103 128
156 11 64
26 132 180
189 106 94
100 68 10
146 63 132
176 82 164
24 170 184
90 66 91
191 181 112
117 30 109
159 79 187
37 100 172
63 50 193
28 123 101
16 118 80
92 76 81
19 10 46
195 72 195
90 60 184
133 194 195
103 71 157
112 124 191
188 180 124
28 190 182
72 190 146
44 99 75
107 71 194
154 12 82
105 185 168
45 146 173
180 49 111
190 170 160
24 73 30
198 28 78
76 148 199
59 176 21
105 95 142
97 116 60
84 124 164
126 63 13
105 191 176
76 53 192
195 31 129
67 14 116
136 44 72
147 35 182
81 25 65
15 199 197
118 29 55
74 49 138
117 43 147
29 133 189
69 126 34
92 32 112
50 55 67
107 70 28
131 59 64
83 52 42
88 14 164
195 106 145
67 197 117
151 80 109
123 128 175
57 193 53
107 85 198
99 177 165
151 103 15
52 125 192
192 58 28
108 83 140
146 146 28
70 171 133
182 40 69
112 49 110
152 164 88
157 59 11
112 99 32
66 23 55
50 90 97
36 79 197
39 42 75
153 174 108
72 183 195
18 24 65
168 188 30
154 25 126
136 53 177
77 148 75
46 13 107
50 121 171
165 98 18
16 71 93
82 120 65
43 168 16
112 180 30
40 21 43
77 62 21
164 57 171
197 156 63
103 11 117
143 125 70
126 36 180
34 20 10
182 26 51
175 74 36
30 33 97
197 158 81
196 133 65
62 63 55
184 80 198
157 132 143
55 179 130
192 168 132
14 101 139
46 84 66
10 114 176
105 93 133
156 158 118
141 190 195
52 20 152
25 141 198
114 124 171
13 128 151
92 76 12
88 78 43
111 153 175
106 15 27
16 155 195
178 127 190
145 50 161
129 81 10
167 173 56
85 144 33
73 65 124
49 76 171
126 174 18
186 22 137
58 193 22
147 39 184
42 61 148
187 51 128
127 197 116
44 188 84
184 140 25
19 179 198
146 102 10
184 183 21
158 105 93
154 74 33
188 161 90
16 156 79
157 47 104
37 65 152
70 88 128
78 151 75
155 108 72
57 67 58
196 151 112
186 158 148
83 150 76
129 135 86
97 194 126
183 159 120
72 33 15
77 88 106
151 15 38
64 80 181
158 44 57
184 113 170
76 184 156
137 111 109
24 138 99
85 187 27
85 80 144
165 145 153
155 33 66
151 50 39
197 161 68
48 175 178
66 131 145
102 195 73
65 58 179
58 49 160
18 94 27
105 119 91
95 175 127
48 156 134
125 137 127
172 163 137
154 138 81
100 194 195
87 104 94
154 78 19
78 141 72
185 13 167
172 75 67
129 123 25
108 112 142
55 121 18
43 27 87
98 118 194
141 39 197
121 172 45
134 136 198
56 19 53
129 138 31
45 158 145
29 141 92
160 170 50
39 115 146
52 145 184
129 129 115
82 39 102
115 66 162
191 152 194
64 183 50
126 199 34
63 61 10
183 192 22
194 79 183
70 69 27
139 77 92
70 97 20
77 173 190
87 118 193
72 29 62
196 152 17
55 14 167
162 27 63
134 148 62
78 92 157
102 59 90
73 21 58
142 179 121
120 10 106
111 56 97
52 155 112
69 50 187
133 96 174
105 38 199
154 120 162
168 191 18
70 80 26
126 114 115
11 164 85
67 47 165
51 15 195
56 87 92
183 19 22
60 173 23
108 14 49
70 98 132
190 59 96
69 123 135
65 145 111
84 169 88
170 60 138
34 57 103
95 140 188
189 35 150
93 53 94
45 81 66
165 156 158
87 158 100
88 50 114
132 50 141
18 32 56
181 116 74
75 189 39
83 171 24
33 80 31
139 159 142
82 17 174
195 136 19
171 158 115
30 95 96
118 75 110
96 143 29
139 67 161
43 132 196
110 181 86
87 189 187
173 128 29
55 10 128
187 29 12
78 82 121
49 11 87
163 172 73
122 47 108
133 155 132
91 56 22
36 116 55
136 182 137
25 85 142
61 180 111
79 36 192
130 121 43
13 137 142
28 48 87
12 104 72
121 18 90
41 88 95
172 126 122
115 72 188
12 28 40
44 93 95
34 191 149
17 76 109
176 199 43
150 61 87
130 184 22
96 147 56
66 77 145
169 147 62
143 47 163
51 97 193
135 136 104
149 21 69
39 113 39
41 125 64
79 174 10
89 153 188
184 142 156
115 18 61
19 93 25
178 122 58
21 142 27
20 122 55
42 106 20
15 196 79
39 197 37
99 145 99
67 107 183
125 21 66
188 89 100
